## Metrics
MCL = 53
Total Hop Count = 82
Power Consumption (W) = 0.239116

## Thread Mapping
Thread ID: 0 1 2 3 4 5 6 7 8 9 10 11 12 13 14 15 16 17 18 19 20 21 22 23 24 25 26 27 28 29 30 31 32 33 34 35 36 37 38 39 40 41 42 43 44 45 46 47 48 49 50 51 52 53 54 55 56 57 58 59 60 61 62 63
Vertex ID: 0 1 2 7 3 4 5 6 8 9 10 11 12 13 14 15 16 17 18 19 20 21 22 23 24 25 26 27 28 29 30 31 32 33 34 35 36 37 38 39 40 41 42 43 44 45 46 47 48 0 1 2 3 4 5 6 7 8 9 10 11 12 13 14
## Routes
1 2 3 10 17 10 3
15
1 0 7 14 21 22 23 24 25 26 19 12 5
14
1 0 7 14 7
10
2 3 10 17 24 31 32 25 18 11 4
11
2 3 10 17 24 31 38 37 36 35 28 21 14 7
5
4 3 2 1 8 15 22 29 22 15 8
20
7 8 9 10 11 12 13 20 19 18 17 16 15 14 7 0
9
7 8 15 22 29 36 37 38 31 24 17 10 3
7
## Metrics
MCL = 60
Total Hop Count = 22
Power Consumption (W) = 0.077031

## Thread Mapping
Thread ID: 0 1 2 3 4 5 6 7 8 9 10 11 12 13 14 15 16 17 18 19 20 21 22 23 24 25 26 27 28 29 30 31 32 33 34 35 36 37 38 39 40 41 42 43 44 45 46 47 48 49 50 51 52 53 54 55 56 57 58 59 60 61 62 63
Vertex ID: 0 1 2 7 3 4 5 6 8 9 10 11 12 13 14 15 16 17 18 19 20 21 22 23 24 25 26 27 28 29 30 31 32 33 34 35 36 37 38 39 40 41 42 43 44 45 46 47 48 0 1 2 3 4 5 6 7 8 9 10 11 12 13 14
## Routes
1 2 3 10 17 10 3
15
1 0 7 14 21 22 23 24 25 26 19 12 5
14
1 0 7 14 7
10
2 3 10 17 24 31 32 25 18 11 4
11
2 3 10 17 24 31 38 37 36 35 28 21 14 7
5
4 3 2 1 8 15 22 29 22 15 8
20
7 8 9 10 11 12 13 20 19 18 17 16 15 14 7 0
9
7 8 15 22 29 36 37 38 31 24 17 10 3
7
1 2 3
15
1 2 3 4 5
14
1 0 7
10
2 3 4
11
2 1 0 7
5
4 3 2 1 8
20
7 0
9
7 8 9 10 3
7
## Metrics
MCL = 60
Total Hop Count = 22
Power Consumption (W) = 0.077031

## Thread Mapping
Thread ID: 0 1 2 3 4 5 6 7 8 9 10 11 12 13 14 15 16 17 18 19 20 21 22 23 24 25 26 27 28 29 30 31 32 33 34 35 36 37 38 39 40 41 42 43 44 45 46 47 48 49 50 51 52 53 54 55 56 57 58 59 60 61 62 63
Vertex ID: 0 1 2 7 3 4 5 6 8 9 10 11 12 13 14 15 16 17 18 19 20 21 22 23 24 25 26 27 28 29 30 31 32 33 34 35 36 37 38 39 40 41 42 43 44 45 46 47 48 0 1 2 3 4 5 6 7 8 9 10 11 12 13 14
## Routes
1 2 3 10 17 10 3
15
1 0 7 14 21 22 23 24 25 26 19 12 5
14
1 0 7 14 7
10
2 3 10 17 24 31 32 25 18 11 4
11
2 3 10 17 24 31 38 37 36 35 28 21 14 7
5
4 3 2 1 8 15 22 29 22 15 8
20
7 8 9 10 11 12 13 20 19 18 17 16 15 14 7 0
9
7 8 15 22 29 36 37 38 31 24 17 10 3
7
1 2 3
15
1 2 3 4 5
14
1 0 7
10
2 3 4
11
2 1 0 7
5
4 3 2 1 8
20
7 0
9
7 8 9 10 3
7
1 2 3
15
1 2 3 4 5
14
1 0 7
10
2 3 4
11
2 1 0 7
5
4 3 2 1 8
20
7 0
9
7 8 9 10 3
7
## Metrics
MCL = 67
Total Hop Count = 22
Power Consumption (W) = 0.077024

## Thread Mapping
Thread ID: 0 1 2 3 4 5 6 7 8 9 10 11 12 13 14 15 16 17 18 19 20 21 22 23 24 25 26 27 28 29 30 31 32 33 34 35 36 37 38 39 40 41 42 43 44 45 46 47 48 49 50 51 52 53 54 55 56 57 58 59 60 61 62 63
Vertex ID: 0 1 2 7 3 4 5 6 8 9 10 11 12 13 14 15 16 17 18 19 20 21 22 23 24 25 26 27 28 29 30 31 32 33 34 35 36 37 38 39 40 41 42 43 44 45 46 47 48 0 1 2 3 4 5 6 7 8 9 10 11 12 13 14
## Routes
1 2 3 10 17 10 3
15
1 0 7 14 21 22 23 24 25 26 19 12 5
14
1 0 7 14 7
10
2 3 10 17 24 31 32 25 18 11 4
11
2 3 10 17 24 31 38 37 36 35 28 21 14 7
5
4 3 2 1 8 15 22 29 22 15 8
20
7 8 9 10 11 12 13 20 19 18 17 16 15 14 7 0
9
7 8 15 22 29 36 37 38 31 24 17 10 3
7
1 2 3
15
1 2 3 4 5
14
1 0 7
10
2 3 4
11
2 1 0 7
5
4 3 2 1 8
20
7 0
9
7 8 9 10 3
7
1 2 3
15
1 2 3 4 5
14
1 0 7
10
2 3 4
11
2 1 0 7
5
4 3 2 1 8
20
7 0
9
7 8 9 10 3
7
1 2 3
15
1 2 3 4 5
14
1 0 7
10
2 3 4
11
2 1 0 7
5
4 3 2 1 8
20
7 0
9
7 8 1 2 3
7
## Metrics
MCL = 60
Total Hop Count = 22
Power Consumption (W) = 0.077031

## Thread Mapping
Thread ID: 0 1 2 3 4 5 6 7 8 9 10 11 12 13 14 15 16 17 18 19 20 21 22 23 24 25 26 27 28 29 30 31 32 33 34 35 36 37 38 39 40 41 42 43 44 45 46 47 48 49 50 51 52 53 54 55 56 57 58 59 60 61 62 63
Vertex ID: 0 1 2 7 3 4 5 6 8 9 10 11 12 13 14 15 16 17 18 19 20 21 22 23 24 25 26 27 28 29 30 31 32 33 34 35 36 37 38 39 40 41 42 43 44 45 46 47 48 0 1 2 3 4 5 6 7 8 9 10 11 12 13 14
## Routes
1 2 3 10 17 10 3
15
1 0 7 14 21 22 23 24 25 26 19 12 5
14
1 0 7 14 7
10
2 3 10 17 24 31 32 25 18 11 4
11
2 3 10 17 24 31 38 37 36 35 28 21 14 7
5
4 3 2 1 8 15 22 29 22 15 8
20
7 8 9 10 11 12 13 20 19 18 17 16 15 14 7 0
9
7 8 15 22 29 36 37 38 31 24 17 10 3
7
1 2 3
15
1 2 3 4 5
14
1 0 7
10
2 3 4
11
2 1 0 7
5
4 3 2 1 8
20
7 0
9
7 8 9 10 3
7
1 2 3
15
1 2 3 4 5
14
1 0 7
10
2 3 4
11
2 1 0 7
5
4 3 2 1 8
20
7 0
9
7 8 9 10 3
7
1 2 3
15
1 2 3 4 5
14
1 0 7
10
2 3 4
11
2 1 0 7
5
4 3 2 1 8
20
7 0
9
7 8 1 2 3
7
1 2 3
15
1 2 3 4 5
14
1 8 7
10
2 3 4
11
2 1 0 7
5
4 3 2 1 8
20
7 0
9
7 8 9 10 3
7
