0 0 5824000
0 0 5824000
0 1 5830912
0 2 5830912
0 4 5830912
1 0 5830912
1 3 5830912
1 5 5830912
1 8 5824000
2 0 5830912
2 16 5824000
2 3 5830912
2 6 5830912
3 1 5830912
3 24 5824000
3 2 5830912
3 7 5830912
4 0 5830912
4 32 5824000
4 5 5830912
4 6 5830912
5 1 5830912
5 40 5824000
5 4 5830912
5 7 5830912
6 2 5830912
6 4 5830912
6 48 5824000
6 7 5830912
7 3 5830912
7 5 5830912
7 56 5824000
7 6 5830912
8 10 5830912
8 12 5830912
8 1 5824000
8 9 5830912
9 11 5830912
9 13 5830912
9 8 5830912
9 9 5824000
9 9 5824000
10 11 5830912
10 14 5830912
10 17 5824000
10 8 5830912
11 10 5830912
11 15 5830912
11 25 5824000
11 9 5830912
12 13 5830912
12 14 5830912
12 33 5824000
12 8 5830912
13 12 5830912
13 15 5830912
13 41 5824000
13 9 5830912
14 10 5830912
14 12 5830912
14 15 5830912
14 49 5824000
15 11 5830912
15 13 5830912
15 14 5830912
15 57 5824000
16 17 5830912
16 18 5830912
16 20 5830912
16 2 5824000
17 10 5824000
17 16 5830912
17 19 5830912
17 21 5830912
18 16 5830912
18 18 5824000
18 18 5824000
18 19 5830912
18 22 5830912
19 17 5830912
19 18 5830912
19 23 5830912
19 26 5824000
20 16 5830912
20 21 5830912
20 22 5830912
20 34 5824000
21 17 5830912
21 20 5830912
21 23 5830912
21 42 5824000
22 18 5830912
22 20 5830912
22 23 5830912
22 50 5824000
23 19 5830912
23 21 5830912
23 22 5830912
23 58 5824000
24 25 5830912
24 26 5830912
24 28 5830912
24 3 5824000
25 11 5824000
25 24 5830912
25 27 5830912
25 29 5830912
26 19 5824000
26 24 5830912
26 27 5830912
26 30 5830912
27 25 5830912
27 26 5830912
27 27 5824000
27 27 5824000
27 31 5830912
28 24 5830912
28 29 5830912
28 30 5830912
28 35 5824000
29 25 5830912
29 28 5830912
29 31 5830912
29 43 5824000
30 26 5830912
30 28 5830912
30 31 5830912
30 51 5824000
31 27 5830912
31 29 5830912
31 30 5830912
31 59 5824000
32 33 5830912
32 34 5830912
32 36 5830912
32 4 5824000
33 12 5824000
33 32 5830912
33 35 5830912
33 37 5830912
34 20 5824000
34 32 5830912
34 35 5830912
34 38 5830912
35 28 5824000
35 33 5830912
35 34 5830912
35 39 5830912
36 32 5830912
36 36 5824000
36 36 5824000
36 37 5830912
36 38 5830912
37 33 5830912
37 36 5830912
37 39 5830912
37 44 5824000
38 34 5830912
38 36 5830912
38 39 5830912
38 52 5824000
39 35 5830912
39 37 5830912
39 38 5830912
39 60 5824000
40 41 5830912
40 42 5830912
40 44 5830912
40 5 5824000
41 13 5824000
41 40 5830912
41 43 5830912
41 45 5830912
42 21 5824000
42 40 5830912
42 43 5830912
42 46 5830912
43 29 5824000
43 41 5830912
43 42 5830912
43 47 5830912
44 37 5824000
44 40 5830912
44 45 5830912
44 46 5830912
45 41 5830912
45 44 5830912
45 45 5824000
45 45 5824000
45 47 5830912
46 42 5830912
46 44 5830912
46 47 5830912
46 53 5824000
47 43 5830912
47 45 5830912
47 46 5830912
47 61 5824000
48 49 5830912
48 50 5830912
48 52 5830912
48 6 5824000
49 14 5824000
49 48 5830912
49 51 5830912
49 53 5830912
50 22 5824000
50 48 5830912
50 51 5830912
50 54 5830912
51 30 5824000
51 49 5830912
51 50 5830912
51 55 5830912
52 38 5824000
52 48 5830912
52 53 5830912
52 54 5830912
53 46 5824000
53 49 5830912
53 52 5830912
53 55 5830912
54 50 5830912
54 52 5830912
54 54 5824000
54 54 5824000
54 55 5830912
55 51 5830912
55 53 5830912
55 54 5830912
55 62 5824000
56 57 5830912
56 58 5830912
56 60 5830912
56 7 5824000
57 15 5824000
57 56 5830912
57 59 5830912
57 61 5830912
58 23 5824000
58 56 5830912
58 59 5830912
58 62 5830912
59 31 5824000
59 57 5830912
59 58 5830912
59 63 5830912
60 39 5824000
60 56 5830912
60 61 5830912
60 62 5830912
61 47 5824000
61 57 5830912
61 60 5830912
61 63 5830912
62 55 5824000
62 58 5830912
62 60 5830912
62 63 5830912
63 59 5830912
63 61 5830912
63 62 5830912
63 63 5824000
63 63 5824000
