0 0 74107904
0 0 74107904
0 1 74140736
0 2 74140736
0 4 74140736
0 8 74140736
1 0 74140736
1 16 74107904
1 3 74140736
1 5 74140736
1 9 74140736
2 0 74140736
2 10 74140736
2 32 74107904
2 3 74140736
2 6 74140736
3 11 74140736
3 1 74140736
3 2 74140736
3 48 74107904
3 7 74140736
4 0 74140736
4 12 74140736
4 5 74140736
4 64 74107904
4 6 74140736
5 13 74140736
5 1 74140736
5 4 74140736
5 7 74140736
5 80 74107904
6 14 74140736
6 2 74140736
6 4 74140736
6 7 74140736
6 96 74107904
7 112 74107904
7 15 74140736
7 3 74140736
7 5 74140736
7 6 74140736
8 0 74140736
8 10 74140736
8 12 74140736
8 128 74107904
8 9 74140736
9 11 74140736
9 13 74140736
9 144 74107904
9 1 74140736
9 8 74140736
10 11 74140736
10 14 74140736
10 160 74107904
10 2 74140736
10 8 74140736
11 10 74140736
11 15 74140736
11 176 74107904
11 3 74140736
11 9 74140736
12 13 74140736
12 14 74140736
12 192 74107904
12 4 74140736
12 8 74140736
13 12 74140736
13 15 74140736
13 208 74107904
13 5 74140736
13 9 74140736
14 10 74140736
14 12 74140736
14 15 74140736
14 224 74107904
14 6 74140736
15 11 74140736
15 13 74140736
15 14 74140736
15 240 74107904
15 7 74140736
16 1 74107904
16 17 74140736
16 18 74140736
16 20 74140736
16 24 74140736
17 16 74140736
17 17 74107904
17 17 74107904
17 19 74140736
17 21 74140736
17 25 74140736
18 16 74140736
18 19 74140736
18 22 74140736
18 26 74140736
18 33 74107904
19 17 74140736
19 18 74140736
19 23 74140736
19 27 74140736
19 49 74107904
20 16 74140736
20 21 74140736
20 22 74140736
20 28 74140736
20 65 74107904
21 17 74140736
21 20 74140736
21 23 74140736
21 29 74140736
21 81 74107904
22 18 74140736
22 20 74140736
22 23 74140736
22 30 74140736
22 97 74107904
23 113 74107904
23 19 74140736
23 21 74140736
23 22 74140736
23 31 74140736
24 129 74107904
24 16 74140736
24 25 74140736
24 26 74140736
24 28 74140736
25 145 74107904
25 17 74140736
25 24 74140736
25 27 74140736
25 29 74140736
26 161 74107904
26 18 74140736
26 24 74140736
26 27 74140736
26 30 74140736
27 177 74107904
27 19 74140736
27 25 74140736
27 26 74140736
27 31 74140736
28 193 74107904
28 20 74140736
28 24 74140736
28 29 74140736
28 30 74140736
29 209 74107904
29 21 74140736
29 25 74140736
29 28 74140736
29 31 74140736
30 225 74107904
30 22 74140736
30 26 74140736
30 28 74140736
30 31 74140736
31 23 74140736
31 241 74107904
31 27 74140736
31 29 74140736
31 30 74140736
32 2 74107904
32 33 74140736
32 34 74140736
32 36 74140736
32 40 74140736
33 18 74107904
33 32 74140736
33 35 74140736
33 37 74140736
33 41 74140736
34 32 74140736
34 34 74107904
34 34 74107904
34 35 74140736
34 38 74140736
34 42 74140736
35 33 74140736
35 34 74140736
35 39 74140736
35 43 74140736
35 50 74107904
36 32 74140736
36 37 74140736
36 38 74140736
36 44 74140736
36 66 74107904
37 33 74140736
37 36 74140736
37 39 74140736
37 45 74140736
37 82 74107904
38 34 74140736
38 36 74140736
38 39 74140736
38 46 74140736
38 98 74107904
39 114 74107904
39 35 74140736
39 37 74140736
39 38 74140736
39 47 74140736
40 130 74107904
40 32 74140736
40 41 74140736
40 42 74140736
40 44 74140736
41 146 74107904
41 33 74140736
41 40 74140736
41 43 74140736
41 45 74140736
42 162 74107904
42 34 74140736
42 40 74140736
42 43 74140736
42 46 74140736
43 178 74107904
43 35 74140736
43 41 74140736
43 42 74140736
43 47 74140736
44 194 74107904
44 36 74140736
44 40 74140736
44 45 74140736
44 46 74140736
45 210 74107904
45 37 74140736
45 41 74140736
45 44 74140736
45 47 74140736
46 226 74107904
46 38 74140736
46 42 74140736
46 44 74140736
46 47 74140736
47 242 74107904
47 39 74140736
47 43 74140736
47 45 74140736
47 46 74140736
48 3 74107904
48 49 74140736
48 50 74140736
48 52 74140736
48 56 74140736
49 19 74107904
49 48 74140736
49 51 74140736
49 53 74140736
49 57 74140736
50 35 74107904
50 48 74140736
50 51 74140736
50 54 74140736
50 58 74140736
51 49 74140736
51 50 74140736
51 51 74107904
51 51 74107904
51 55 74140736
51 59 74140736
52 48 74140736
52 53 74140736
52 54 74140736
52 60 74140736
52 67 74107904
53 49 74140736
53 52 74140736
53 55 74140736
53 61 74140736
53 83 74107904
54 50 74140736
54 52 74140736
54 55 74140736
54 62 74140736
54 99 74107904
55 115 74107904
55 51 74140736
55 53 74140736
55 54 74140736
55 63 74140736
56 131 74107904
56 48 74140736
56 57 74140736
56 58 74140736
56 60 74140736
57 147 74107904
57 49 74140736
57 56 74140736
57 59 74140736
57 61 74140736
58 163 74107904
58 50 74140736
58 56 74140736
58 59 74140736
58 62 74140736
59 179 74107904
59 51 74140736
59 57 74140736
59 58 74140736
59 63 74140736
60 195 74107904
60 52 74140736
60 56 74140736
60 61 74140736
60 62 74140736
61 211 74107904
61 53 74140736
61 57 74140736
61 60 74140736
61 63 74140736
62 227 74107904
62 54 74140736
62 58 74140736
62 60 74140736
62 63 74140736
63 243 74107904
63 55 74140736
63 59 74140736
63 61 74140736
63 62 74140736
64 4 74107904
64 65 74140736
64 66 74140736
64 68 74140736
64 72 74140736
65 20 74107904
65 64 74140736
65 67 74140736
65 69 74140736
65 73 74140736
66 36 74107904
66 64 74140736
66 67 74140736
66 70 74140736
66 74 74140736
67 52 74107904
67 65 74140736
67 66 74140736
67 71 74140736
67 75 74140736
68 64 74140736
68 68 74107904
68 68 74107904
68 69 74140736
68 70 74140736
68 76 74140736
69 65 74140736
69 68 74140736
69 71 74140736
69 77 74140736
69 84 74107904
70 100 74107904
70 66 74140736
70 68 74140736
70 71 74140736
70 78 74140736
71 116 74107904
71 67 74140736
71 69 74140736
71 70 74140736
71 79 74140736
72 132 74107904
72 64 74140736
72 73 74140736
72 74 74140736
72 76 74140736
73 148 74107904
73 65 74140736
73 72 74140736
73 75 74140736
73 77 74140736
74 164 74107904
74 66 74140736
74 72 74140736
74 75 74140736
74 78 74140736
75 180 74107904
75 67 74140736
75 73 74140736
75 74 74140736
75 79 74140736
76 196 74107904
76 68 74140736
76 72 74140736
76 77 74140736
76 78 74140736
77 212 74107904
77 69 74140736
77 73 74140736
77 76 74140736
77 79 74140736
78 228 74107904
78 70 74140736
78 74 74140736
78 76 74140736
78 79 74140736
79 244 74107904
79 71 74140736
79 75 74140736
79 77 74140736
79 78 74140736
80 5 74107904
80 81 74140736
80 82 74140736
80 84 74140736
80 88 74140736
81 21 74107904
81 80 74140736
81 83 74140736
81 85 74140736
81 89 74140736
82 37 74107904
82 80 74140736
82 83 74140736
82 86 74140736
82 90 74140736
83 53 74107904
83 81 74140736
83 82 74140736
83 87 74140736
83 91 74140736
84 69 74107904
84 80 74140736
84 85 74140736
84 86 74140736
84 92 74140736
85 81 74140736
85 84 74140736
85 85 74107904
85 85 74107904
85 87 74140736
85 93 74140736
86 101 74107904
86 82 74140736
86 84 74140736
86 87 74140736
86 94 74140736
87 117 74107904
87 83 74140736
87 85 74140736
87 86 74140736
87 95 74140736
88 133 74107904
88 80 74140736
88 89 74140736
88 90 74140736
88 92 74140736
89 149 74107904
89 81 74140736
89 88 74140736
89 91 74140736
89 93 74140736
90 165 74107904
90 82 74140736
90 88 74140736
90 91 74140736
90 94 74140736
91 181 74107904
91 83 74140736
91 89 74140736
91 90 74140736
91 95 74140736
92 197 74107904
92 84 74140736
92 88 74140736
92 93 74140736
92 94 74140736
93 213 74107904
93 85 74140736
93 89 74140736
93 92 74140736
93 95 74140736
94 229 74107904
94 86 74140736
94 90 74140736
94 92 74140736
94 95 74140736
95 245 74107904
95 87 74140736
95 91 74140736
95 93 74140736
95 94 74140736
96 100 74140736
96 104 74140736
96 6 74107904
96 97 74140736
96 98 74140736
97 101 74140736
97 105 74140736
97 22 74107904
97 96 74140736
97 99 74140736
98 102 74140736
98 106 74140736
98 38 74107904
98 96 74140736
98 99 74140736
99 103 74140736
99 107 74140736
99 54 74107904
99 97 74140736
99 98 74140736
100 101 74140736
100 102 74140736
100 108 74140736
100 70 74107904
100 96 74140736
101 100 74140736
101 103 74140736
101 109 74140736
101 86 74107904
101 97 74140736
102 100 74140736
102 102 74107904
102 102 74107904
102 103 74140736
102 110 74140736
102 98 74140736
103 101 74140736
103 102 74140736
103 111 74140736
103 118 74107904
103 99 74140736
104 105 74140736
104 106 74140736
104 108 74140736
104 134 74107904
104 96 74140736
105 104 74140736
105 107 74140736
105 109 74140736
105 150 74107904
105 97 74140736
106 104 74140736
106 107 74140736
106 110 74140736
106 166 74107904
106 98 74140736
107 105 74140736
107 106 74140736
107 111 74140736
107 182 74107904
107 99 74140736
108 100 74140736
108 104 74140736
108 109 74140736
108 110 74140736
108 198 74107904
109 101 74140736
109 105 74140736
109 108 74140736
109 111 74140736
109 214 74107904
110 102 74140736
110 106 74140736
110 108 74140736
110 111 74140736
110 230 74107904
111 103 74140736
111 107 74140736
111 109 74140736
111 110 74140736
111 246 74107904
112 113 74140736
112 114 74140736
112 116 74140736
112 120 74140736
112 7 74107904
113 112 74140736
113 115 74140736
113 117 74140736
113 121 74140736
113 23 74107904
114 112 74140736
114 115 74140736
114 118 74140736
114 122 74140736
114 39 74107904
115 113 74140736
115 114 74140736
115 119 74140736
115 123 74140736
115 55 74107904
116 112 74140736
116 117 74140736
116 118 74140736
116 124 74140736
116 71 74107904
117 113 74140736
117 116 74140736
117 119 74140736
117 125 74140736
117 87 74107904
118 103 74107904
118 114 74140736
118 116 74140736
118 119 74140736
118 126 74140736
119 115 74140736
119 117 74140736
119 118 74140736
119 119 74107904
119 119 74107904
119 127 74140736
120 112 74140736
120 121 74140736
120 122 74140736
120 124 74140736
120 135 74107904
121 113 74140736
121 120 74140736
121 123 74140736
121 125 74140736
121 151 74107904
122 114 74140736
122 120 74140736
122 123 74140736
122 126 74140736
122 167 74107904
123 115 74140736
123 121 74140736
123 122 74140736
123 127 74140736
123 183 74107904
124 116 74140736
124 120 74140736
124 125 74140736
124 126 74140736
124 199 74107904
125 117 74140736
125 121 74140736
125 124 74140736
125 127 74140736
125 215 74107904
126 118 74140736
126 122 74140736
126 124 74140736
126 127 74140736
126 231 74107904
127 119 74140736
127 123 74140736
127 125 74140736
127 126 74140736
127 247 74107904
128 129 74124928
128 130 74124928
128 132 74124928
128 136 74124928
128 8 74092096
129 128 74124928
129 131 74124928
129 133 74124928
129 137 74124928
129 24 74092096
130 128 74124928
130 131 74124928
130 134 74124928
130 138 74124928
130 40 74092096
131 129 74124928
131 130 74124928
131 135 74124928
131 139 74124928
131 56 74092096
132 128 74124928
132 133 74124928
132 134 74124928
132 140 74124928
132 72 74092096
133 129 74124928
133 132 74124928
133 135 74124928
133 141 74124928
133 88 74092096
134 104 74092096
134 130 74124928
134 132 74124928
134 135 74124928
134 142 74124928
135 120 74092096
135 131 74124928
135 133 74124928
135 134 74124928
135 143 74124928
136 128 74124928
136 136 74092096
136 136 74092096
136 137 74124928
136 138 74124928
136 140 74124928
137 129 74124928
137 136 74124928
137 139 74124928
137 141 74124928
137 152 74092096
138 130 74124928
138 136 74124928
138 139 74124928
138 142 74124928
138 168 74092096
139 131 74124928
139 137 74124928
139 138 74124928
139 143 74124928
139 184 74092096
140 132 74124928
140 136 74124928
140 141 74124928
140 142 74124928
140 200 74092096
141 133 74124928
141 137 74124928
141 140 74124928
141 143 74124928
141 216 74092096
142 134 74124928
142 138 74124928
142 140 74124928
142 143 74124928
142 232 74092096
143 135 74124928
143 139 74124928
143 141 74124928
143 142 74124928
143 248 74092096
144 145 74124928
144 146 74124928
144 148 74124928
144 152 74124928
144 9 74092096
145 144 74124928
145 147 74124928
145 149 74124928
145 153 74124928
145 25 74092096
146 144 74124928
146 147 74124928
146 150 74124928
146 154 74124928
146 41 74092096
147 145 74124928
147 146 74124928
147 151 74124928
147 155 74124928
147 57 74092096
148 144 74124928
148 149 74124928
148 150 74124928
148 156 74124928
148 73 74092096
149 145 74124928
149 148 74124928
149 151 74124928
149 157 74124928
149 89 74092096
150 105 74092096
150 146 74124928
150 148 74124928
150 151 74124928
150 158 74124928
151 121 74092096
151 147 74124928
151 149 74124928
151 150 74124928
151 159 74124928
152 137 74092096
152 144 74124928
152 153 74124928
152 154 74124928
152 156 74124928
153 145 74124928
153 152 74124928
153 153 74092096
153 153 74092096
153 155 74124928
153 157 74124928
154 146 74124928
154 152 74124928
154 155 74124928
154 158 74124928
154 169 74092096
155 147 74124928
155 153 74124928
155 154 74124928
155 159 74124928
155 185 74092096
156 148 74124928
156 152 74124928
156 157 74124928
156 158 74124928
156 201 74092096
157 149 74124928
157 153 74124928
157 156 74124928
157 159 74124928
157 217 74092096
158 150 74124928
158 154 74124928
158 156 74124928
158 159 74124928
158 233 74092096
159 151 74124928
159 155 74124928
159 157 74124928
159 158 74124928
159 249 74092096
160 10 74092096
160 161 74124928
160 162 74124928
160 164 74124928
160 168 74124928
161 160 74124928
161 163 74124928
161 165 74124928
161 169 74124928
161 26 74092096
162 160 74124928
162 163 74124928
162 166 74124928
162 170 74124928
162 42 74092096
163 161 74124928
163 162 74124928
163 167 74124928
163 171 74124928
163 58 74092096
164 160 74124928
164 165 74124928
164 166 74124928
164 172 74124928
164 74 74092096
165 161 74124928
165 164 74124928
165 167 74124928
165 173 74124928
165 90 74092096
166 106 74092096
166 162 74124928
166 164 74124928
166 167 74124928
166 174 74124928
167 122 74092096
167 163 74124928
167 165 74124928
167 166 74124928
167 175 74124928
168 138 74092096
168 160 74124928
168 169 74124928
168 170 74124928
168 172 74124928
169 154 74092096
169 161 74124928
169 168 74124928
169 171 74124928
169 173 74124928
170 162 74124928
170 168 74124928
170 170 74092096
170 170 74092096
170 171 74124928
170 174 74124928
171 163 74124928
171 169 74124928
171 170 74124928
171 175 74124928
171 186 74092096
172 164 74124928
172 168 74124928
172 173 74124928
172 174 74124928
172 202 74092096
173 165 74124928
173 169 74124928
173 172 74124928
173 175 74124928
173 218 74092096
174 166 74124928
174 170 74124928
174 172 74124928
174 175 74124928
174 234 74092096
175 167 74124928
175 171 74124928
175 173 74124928
175 174 74124928
175 250 74092096
176 11 74092096
176 177 74124928
176 178 74124928
176 180 74124928
176 184 74124928
177 176 74124928
177 179 74124928
177 181 74124928
177 185 74124928
177 27 74092096
178 176 74124928
178 179 74124928
178 182 74124928
178 186 74124928
178 43 74092096
179 177 74124928
179 178 74124928
179 183 74124928
179 187 74124928
179 59 74092096
180 176 74124928
180 181 74124928
180 182 74124928
180 188 74124928
180 75 74092096
181 177 74124928
181 180 74124928
181 183 74124928
181 189 74124928
181 91 74092096
182 107 74092096
182 178 74124928
182 180 74124928
182 183 74124928
182 190 74124928
183 123 74092096
183 179 74124928
183 181 74124928
183 182 74124928
183 191 74124928
184 139 74092096
184 176 74124928
184 185 74124928
184 186 74124928
184 188 74124928
185 155 74092096
185 177 74124928
185 184 74124928
185 187 74124928
185 189 74124928
186 171 74092096
186 178 74124928
186 184 74124928
186 187 74124928
186 190 74124928
187 179 74124928
187 185 74124928
187 186 74124928
187 187 74092096
187 187 74092096
187 191 74124928
188 180 74124928
188 184 74124928
188 189 74124928
188 190 74124928
188 203 74092096
189 181 74124928
189 185 74124928
189 188 74124928
189 191 74124928
189 219 74092096
190 182 74124928
190 186 74124928
190 188 74124928
190 191 74124928
190 235 74092096
191 183 74124928
191 187 74124928
191 189 74124928
191 190 74124928
191 251 74092096
192 12 74092096
192 193 74124928
192 194 74124928
192 196 74124928
192 200 74124928
193 192 74124928
193 195 74124928
193 197 74124928
193 201 74124928
193 28 74092096
194 192 74124928
194 195 74124928
194 198 74124928
194 202 74124928
194 44 74092096
195 193 74124928
195 194 74124928
195 199 74124928
195 203 74124928
195 60 74092096
196 192 74124928
196 197 74124928
196 198 74124928
196 204 74124928
196 76 74092096
197 193 74124928
197 196 74124928
197 199 74124928
197 205 74124928
197 92 74092096
198 108 74092096
198 194 74124928
198 196 74124928
198 199 74124928
198 206 74124928
199 124 74092096
199 195 74124928
199 197 74124928
199 198 74124928
199 207 74124928
200 140 74092096
200 192 74124928
200 201 74124928
200 202 74124928
200 204 74124928
201 156 74092096
201 193 74124928
201 200 74124928
201 203 74124928
201 205 74124928
202 172 74092096
202 194 74124928
202 200 74124928
202 203 74124928
202 206 74124928
203 188 74092096
203 195 74124928
203 201 74124928
203 202 74124928
203 207 74124928
204 196 74124928
204 200 74124928
204 204 74092096
204 204 74092096
204 205 74124928
204 206 74124928
205 197 74124928
205 201 74124928
205 204 74124928
205 207 74124928
205 220 74092096
206 198 74124928
206 202 74124928
206 204 74124928
206 207 74124928
206 236 74092096
207 199 74124928
207 203 74124928
207 205 74124928
207 206 74124928
207 252 74092096
208 13 74092096
208 209 74124928
208 210 74124928
208 212 74124928
208 216 74124928
209 208 74124928
209 211 74124928
209 213 74124928
209 217 74124928
209 29 74092096
210 208 74124928
210 211 74124928
210 214 74124928
210 218 74124928
210 45 74092096
211 209 74124928
211 210 74124928
211 215 74124928
211 219 74124928
211 61 74092096
212 208 74124928
212 213 74124928
212 214 74124928
212 220 74124928
212 77 74092096
213 209 74124928
213 212 74124928
213 215 74124928
213 221 74124928
213 93 74092096
214 109 74092096
214 210 74124928
214 212 74124928
214 215 74124928
214 222 74124928
215 125 74092096
215 211 74124928
215 213 74124928
215 214 74124928
215 223 74124928
216 141 74092096
216 208 74124928
216 217 74124928
216 218 74124928
216 220 74124928
217 157 74092096
217 209 74124928
217 216 74124928
217 219 74124928
217 221 74124928
218 173 74092096
218 210 74124928
218 216 74124928
218 219 74124928
218 222 74124928
219 189 74092096
219 211 74124928
219 217 74124928
219 218 74124928
219 223 74124928
220 205 74092096
220 212 74124928
220 216 74124928
220 221 74124928
220 222 74124928
221 213 74124928
221 217 74124928
221 220 74124928
221 221 74092096
221 221 74092096
221 223 74124928
222 214 74124928
222 218 74124928
222 220 74124928
222 223 74124928
222 237 74092096
223 215 74124928
223 219 74124928
223 221 74124928
223 222 74124928
223 253 74092096
224 14 74092096
224 225 74124928
224 226 74124928
224 228 74124928
224 232 74124928
225 224 74124928
225 227 74124928
225 229 74124928
225 233 74124928
225 30 74092096
226 224 74124928
226 227 74124928
226 230 74124928
226 234 74124928
226 46 74092096
227 225 74124928
227 226 74124928
227 231 74124928
227 235 74124928
227 62 74092096
228 224 74124928
228 229 74124928
228 230 74124928
228 236 74124928
228 78 74092096
229 225 74124928
229 228 74124928
229 231 74124928
229 237 74124928
229 94 74092096
230 110 74092096
230 226 74124928
230 228 74124928
230 231 74124928
230 238 74124928
231 126 74092096
231 227 74124928
231 229 74124928
231 230 74124928
231 239 74124928
232 142 74092096
232 224 74124928
232 233 74124928
232 234 74124928
232 236 74124928
233 158 74092096
233 225 74124928
233 232 74124928
233 235 74124928
233 237 74124928
234 174 74092096
234 226 74124928
234 232 74124928
234 235 74124928
234 238 74124928
235 190 74092096
235 227 74124928
235 233 74124928
235 234 74124928
235 239 74124928
236 206 74092096
236 228 74124928
236 232 74124928
236 237 74124928
236 238 74124928
237 222 74092096
237 229 74124928
237 233 74124928
237 236 74124928
237 239 74124928
238 230 74124928
238 234 74124928
238 236 74124928
238 238 74092096
238 238 74092096
238 239 74124928
239 231 74124928
239 235 74124928
239 237 74124928
239 238 74124928
239 254 74092096
240 15 74092096
240 241 74124928
240 242 74124928
240 244 74124928
240 248 74124928
241 240 74124928
241 243 74124928
241 245 74124928
241 249 74124928
241 31 74092096
242 240 74124928
242 243 74124928
242 246 74124928
242 250 74124928
242 47 74092096
243 241 74124928
243 242 74124928
243 247 74124928
243 251 74124928
243 63 74092096
244 240 74124928
244 245 74124928
244 246 74124928
244 252 74124928
244 79 74092096
245 241 74124928
245 244 74124928
245 247 74124928
245 253 74124928
245 95 74092096
246 111 74092096
246 242 74124928
246 244 74124928
246 247 74124928
246 254 74124928
247 127 74092096
247 243 74124928
247 245 74124928
247 246 74124928
247 255 74124928
248 143 74092096
248 240 74124928
248 249 74124928
248 250 74124928
248 252 74124928
249 159 74092096
249 241 74124928
249 248 74124928
249 251 74124928
249 253 74124928
250 175 74092096
250 242 74124928
250 248 74124928
250 251 74124928
250 254 74124928
251 191 74092096
251 243 74124928
251 249 74124928
251 250 74124928
251 255 74124928
252 207 74092096
252 244 74124928
252 248 74124928
252 253 74124928
252 254 74124928
253 223 74092096
253 245 74124928
253 249 74124928
253 252 74124928
253 255 74124928
254 239 74092096
254 246 74124928
254 250 74124928
254 252 74124928
254 255 74124928
255 247 74124928
255 251 74124928
255 253 74124928
255 254 74124928
255 255 74092096
255 255 74092096
